51844
72511
69855
41098
44053
46003
41935
42127
24561
13614
11797
48618
61798
15129
62229
41098
66774
44981
62961
35095
65944
18435
71895
32626
40549
67046
8510
38795
25694
53053
51844
49623
57479
18435
30888
4931
6802
18269
48680
71242
38247
32626
39842
69031
71233
18435
39290
6432
46662
60457
26896
70076
56067
70336
59040
25907
25747
42564
22524
36577
48803
14166
34604
36732
10047
57047
68898
11828
51063
45633
45633
7660
4613
69503
16064
64097
45633
30374
65188
34090
60554
67364
65446
25960
25251
20778
25319
54684
66581
30374
65377
7337
34604
56270
4424
44981
69814
54148
57479
27581
61178
65415
43985
69026
10472
13139
37060
42172
44325
24481
43853
36946
71895
5603
29838
6223
13231
49235
68859
21602
24561
15129
7841
43446
65446
62303
46662
66422
7481
70076
42782
5302
21280
46102
26896
30848
68169
15493
46662
59632
17486
61678
24641
25288
71754
52329
52071
36732
68169
21602
13654
49623
46373
55650
4424
6559
70076
41575
65944
22516
35791
70336
54914
8275
41654
61874
71895
16724
65070
35095
8647
15026
22524
40576
22139
7337
64616
61874
4059
45596
58405
52599
64616
66480
70759
53053
52395
69031
71233
55679
39403
9918
69814
51908
17943
72210
30888
26599
69615
14111
40910
15794
66331
21602
51844
61514
56291
31802
48261
60306
69814
52599
22586
40154
71411
4787
54914
5503
60306
58405
68169
19182
54914
54148
17943
20308
29382
6559
21509
64980
56155
15507
68859
72081
68419
7660
24561
32054
29838
36068
38795
15026
17935
30431
22524
71754
59818
14166
62684
24265
57651
58145
55527
46102
8647
20308
43690
11943
23994
64894
56419
28069
18269
19182
67169
46524
60554
26308
25582
38818
25251
8263
60846
55679
25582
66490
21109
12215
41711
20821
17486
71233
66581
25712
60846
33814
7040
3627
52395
25712
33544
15507
43690
19182
30564
54148
57907
12635
71411
45596
58188
37737
24639
24203
68859
14529
29920
5503
65944
42564
4424
9918
39842
46003
43158
24318
35799
56043
65233
72258
24639
18544
60095
34239
38495
12215
41057
18544
9979
14122
65070
52599
23037
22874
57651
26352
68312
5503
34419
55679
40980
4787
55006
60726
34419
26436
42782
11160
23994
69031
55164
32054
64484
14529
53156
32717
46836
4836
35987
29838
48803
52329
41928
48158
17464
58145
61178
66422
40910
28069
7419
48682
59818
14444
12923
36477
42782
14595
53571
34875
44053
31802
72016
24481
46322
37802
22586
30431
7410
36975
8632
52528
52932
28419
43690
36911
69919
72258
56155
70233
12635
16703
65070
49970
61134
4437
48509
5603
61123
53859
53882
46381
72949
3627
57682
22783
4668
50812
9463
61749
69832
70586
41711
46381
5460
8007
36068
70765
53271
28069
48509
4787
7410
60726
61134
36477
56682
13139
36630
43853
42913
24203
20651
36911
14568
70586
32773
49945
70506
25455
63183
10587
14611
36477
28320
14529
29022
6515
55164
49945
25603
9231
14611
22144
41815
70233
70506
14595
68312
31050
32773
36975
14932
61749
63183
9463
33907
24518
49732
9049
61123
69443
14899
61739
60095
46000
24641
10587
18484
24518
10047
42852
7955
69443
65640
29569
8388
22516
38495
34081
26352
59040
19934
36911
67169
56671
36975
55006
67253
40841
56270
34604
32773
8007
25582
61749
68312
26293
11797
27436
18269
9028
21254
10587
53882
70233
32233
53892
53774
34187
11690
26293
71411
61874
53571
70586
38795
31234
59285
53892
23994
70369
8934
3050
32233
53859
61123
36570
15365
40847
62480
30848
72720
57907
22388
26293
7419
22783
60979
62749
53729
20055
28287
53859
38818
29011
71242
57047
37060
30082
45982
49077
28097
48158
49732
42852
3683
25571
42008
49945
18797
5879
38247
31050
42008
29920
43747
26436
62007
44413
28756
23716
3490
38818
69215
69443
44981
20634
66977
22516
28756
56671
26910
40847
5205
51078
25206
16869
27879
3050
19691
68843
6200
16869
55681
66331
43747
7337
21254
56783
61973
27436
66977
3158
62210
70369
69855
34090
40841
26459
8395
47599
25603
53158
21219
12797
65687
20065
38642
61739
5603
30082
9231
17239
9028
36683
49732
26128
61753
23493
57682
21193
48509
7860
41138
26781
28190
23716
65377
14794
19437
60520
14611
3848
5460
12797
10508
62749
51522
28596
11953
8110
25372
16422
11618
24518
6714
38311
4326
4157
36624
66490
37737
14645
56949
32772
55409
17231
12799
16345
5339
38311
33172
40847
42127
64868
30633
53158
62545
66331
53271
18797
16467
14809
28190
72210
16842
3627
61753
29011
29712
34090
48680
68843
46807
22846
63932
69786
26164
26459
56270
24740
22139
33290
67296
9049
60306
49153
59995
3050
55527
67830
37222
43501
62545
11933
59285
41483
47071
20065
17935
21193
61798
51078
43466
16422
62545
60187
43819
15940
11334
26120
8205
28160
26164
21109
43289
62749
45130
60846
56868
8934
8275
65233
17935
20739
3387
68843
37928
15493
26781
66581
32233
7208
65687
14444
28756
53158
31050
62366
25747
56783
41815
21193
3165
48423
12938
70369
36624
25320
72720
11838
24847
3182
24741
33132
72171
7841
65687
53071
38026
8395
32304
48423
25319
29011
28326
28746
69855
11933
49958
31783
59995
3848
53729
9049
40910
26972
65188
72606
13847
11618
53153
43158
45130
34127
46322
60506
30955
49235
4836
40771
60506
57839
11334
52597
46137
66279
51989
42300
46037
32772
46373
62562
22795
9435
47100
30888
20224
62303
20207
62961
14180
71230
23493
56155
45844
26164
25320
16869
5035
3848
56682
46807
28419
56671
33290
11943
53156
47100
59421
33753
29712
65268
53892
42300
17596
3147
36760
72258
26991
37225
8388
44413
38026
66279
47688
19200
10106
47657
43108
26128
65921
62961
50171
12488
15507
3490
26991
7208
7208
49235
66217
3490
57061
57543
4870
44730
56043
40771
64296
9435
52217
56696
42947
21527
59285
21990
12938
33753
59586
61678
3387
44845
13614
33753
4052
52653
21195
8110
25747
52893
42947
50812
65921
32772
48380
23872
53728
3914
22388
65822
42474
28025
67238
72606
60187
33522
16617
6133
4836
72606
26991
27569
10106
31783
26373
28746
7655
28025
37928
16842
28190
3914
65921
7841
42474
53271
56472
24215
33172
8110
28789
14122
22156
43620
38298
32308
32308
69617
42947
45844
43819
32308
25320
56783
55858
8395
11522
11334
63450
39299
29712
65268
43160
12686
64499
33907
9866
30923
56682
3172
28304
30923
8466
38023
23872
12923
38359
47657
25742
46461
64484
38495
35791
57543
11488
11797
53882
50812
13663
16422
51053
62303
60252
25589
30955
49153
4052
18691
8510
49077
46836
51063
48375
20443
22795
69131
25372
45838
45130
67114
8007
62016
41815
47201
36577
40771
53571
22968
28304
39299
25742
43620
51984
47071
21527
31447
36259
54079
14794
8808
48380
49153
51989
64868
61511
21280
70948
6133
61678
39299
20651
56315
20739
56696
59995
66837
60187
44845
48531
33290
56472
27569
11522
40925
42981
59421
45946
43620
61217
56315
65640
6133
69008
65268
10245
21554
23877
16636
5205
26781
38298
13663
4613
59420
5205
66977
61217
40424
28789
10394
48619
43951
3810
22968
63932
44737
17370
48840
61511
47071
39998
59420
40549
27569
17049
31748
52303
60520
37060
59420
7655
56315
25060
25882
47291
45838
54960
28596
17464
42300
4052
41567
3810
62016
57444
16636
22156
49958
60252
11522
51052
44098
25742
36946
40936
55858
43289
29681
11488
30602
54744
9148
16842
9805
46373
36577
51984
57436
57444
19673
45751
67114
25112
9148
15004
56696
43466
51984
27288
67205
28304
44370
56785
52395
59024
25269
8275
44098
47034
55409
10245
67205
43289
60520
22773
46643
23872
54699
65640
39510
43160
46461
59024
62016
62276
25455
59586
66837
42215
25269
48380
44730
40925
54079
61511
28752
20703
59421
6200
26120
21195
16918
8388
69617
4157
51908
14809
9148
23877
22586
22773
66837
65800
56724
43157
10394
41138
16064
37495
11160
28419
31350
56785
65800
3810
25285
40921
18506
43951
46461
58682
22887
35791
64005
25060
62007
57823
22880
70948
19673
24531
11943
21195
12309
40921
60979
51149
9723
37737
25112
44340
13654
36624
38979
40936
22496
28789
46643
64296
70428
37495
40424
22388
49157
36259
65800
6522
11160
28488
70039
56868
41567
25372
31802
28899
9723
40549
40576
3172
28596
6714
19673
46037
33522
42474
53512
23884
5460
45751
39998
55406
25112
51052
70039
54390
13231
37495
25251
43157
29681
56785
45983
38298
68340
44340
41483
38484
42852
48375
21951
7419
69786
51078
3182
45751
27327
63945
36760
63747
39998
67803
30857
46161
26599
20055
15940
32892
44721
46836
59080
4130
30602
49481
60506
69832
32644
3165
56752
68024
56724
19643
16636
40154
50756
52329
22588
28899
10908
4157
70428
33246
7860
23877
64616
3165
28025
27288
51746
51053
18536
64499
39403
68742
44721
66644
10908
40722
36760
37437
65011
46275
9805
20739
11838
9435
67803
44340
50027
50654
54813
57047
40424
17596
29569
4130
67803
48375
2951
31124
66343
70194
42225
24740
51746
28488
58165
24531
54644
17464
27327
18797
29681
24531
57436
59024
28752
13721
72171
5584
3182
47599
48833
40921
69786
63747
28350
5035
44721
66644
72171
47034
60095
8416
13614
23884
26308
63183
12309
19075
30857
23884
44737
7008
47601
11933
22264
6559
8632
3843
11618
38830
51522
16724
59080
4437
70428
19075
7945
64097
28690
8205
3952
68279
66005
24788
8632
70194
31937
68742
23716
36683
66343
41654
42225
71929
17550
16656
21319
25882
27581
45838
26721
12488
47322
3730
52555
18691
3683
66644
2951
25882
54362
68419
21280
21198
21319
43251
53153
68742
68340
16866
25455
8647
36946
66279
28690
28746
21527
55406
3158
6490
16703
24481
21319
14809
57651
24740
34069
13847
63747
33246
70096
46003
4931
22139
4437
3435
67296
7008
37225
16866
48623
26459
50756
32717
34127
13847
40236
70194
54644
69503
67830
46322
24650
14180
33522
25092
68340
6714
34976
31838
13721
25092
31748
51172
50027
70506
71230
42643
40236
16656
32858
5715
42225
3914
46862
5107
28690
41654
28350
31660
31748
43157
70590
4769
3147
61973
59080
52653
2991
51149
4250
11636
72313
11828
29920
7121
34127
32892
26721
39548
54744
8226
43951
11636
30857
70948
18536
39510
3857
25092
69215
5575
30936
55406
55934
42643
72720
28964
34976
46807
19201
50115
67830
16866
17795
3843
48618
23493
34187
57444
32644
3435
5715
19075
59047
39510
9231
3843
57554
68419
46161
8844
60120
56949
41138
65011
33190
11567
68024
51789
65377
28097
30633
56419
14645
56949
55527
71754
47409
31124
17231
8226
52071
63826
65655
52217
39548
8226
37609
66774
26721
51929
18536
25579
23037
48158
59586
13231
60120
9918
12309
17451
10108
68472
54825
31838
3857
60252
11845
28964
21509
25579
49157
43160
22264
72081
25060
33814
4250
11636
34069
24741
68024
9866
34081
28320
22264
65822
67253
7949
22880
32892
59047
71929
29661
51789
17777
40980
34976
44108
51053
51149
44370
4893
17550
5575
60120
3435
28350
24650
42008
30923
39548
53153
48261
56851
47688
62480
31350
55108
42172
28160
14645
45747
5428
4769
22506
41928
10508
51929
5428
49077
6445
65770
48394
24318
8466
63826
57554
51929
49980
28964
70590
63826
66217
44139
17550
64688
54684
7121
47294
72016
23037
4870
71187
70361
24788
25269
7655
56455
17231
70361
22144
13315
72313
25960
29661
7949
21990
35130
28160
16656
6641
6490
19201
28320
69215
71929
67253
6445
71187
68815
6522
26128
22506
15493
38026
66774
46161
22887
41935
51789
20081
12488
33190
7949
57543
7945
3147
3688
69008
5575
14568
2991
35799
61810
52528
24318
61217
67743
49980
4893
22588
46137
32858
7945
71230
65770
44108
58682
29661
53371
16253
9848
6522
47599
58682
37222
55969
10007
56868
21198
54825
46643
13313
30408
69131
21704
47615
26972
59596
10007
36979
63082
54825
43251
20081
28525
3450
70672
56472
57907
57839
42215
62210
38279
6641
38854
3158
13654
3450
17777
22506
42649
55969
41483
47409
45747
6641
55108
33132
5035
52528
41057
8926
72511
16253
52071
53071
21554
7481
38854
59195
4931
47409
58145
47601
67238
19200
3172
72313
38279
25694
22810
6445
31065
40841
12686
4769
72949
48680
61810
24203
44108
42649
23242
13721
28525
30082
45747
47615
72949
38487
14821
10108
3387
34081
2991
69241
7121
69008
34069
32858
23242
31783
14932
66490
22810
10394
25589
20081
71451
29664
22810
12938
42698
35744
31234
38830
7660
51908
23242
40722
65770
16467
70765
45983
55108
35799
46524
19934
21554
42649
65873
31838
65149
16918
30675
43466
20055
14821
71451
47322
64622
34752
5339
57554
68815
40576
28287
67169
24215
58188
68279
3450
7955
30936
39059
55969
67205
38642
47100
13663
63945
36570
46463
47291
71026
28326
14794
67743
51186
45214
44730
8319
42698
3857
10007
62210
4130
65415
25694
10108
71451
50027
21704
21704
26436
6802
6515
29887
52376
22874
53774
4893
9805
15940
20703
30936
64881
35744
44845
45982
10508
40154
67238
67743
44145
19437
36259
9866
62480
17375
42172
5543
30675
47201
11838
27879
52932
19934
66480
47201
16617
69241
10106
6432
71026
19293
41117
36570
41098
39370
44370
64894
39554
33246
38359
43158
52376
57682
64881
39842
7955
50735
46000
29981
42698
38487
64005
16345
20065
51966
22588
35753
44145
63346
25571
27581
7860
38830
38642
16345
43747
15794
25589
69241
27831
46151
4059
8436
53156
59195
67296
14595
38279
28342
47294
19200
44145
31965
71026
67114
55670
32054
52932
16824
56043
17370
6490
34239
46463
25285
24741
54644
61514
57839
69615
44098
54699
69617
64881
70096
68815
29887
60868
17370
31660
59596
29382
33544
36630
5891
42167
32626
59047
39370
17451
12635
33172
10908
68472
9848
55858
51989
20207
26599
48531
61810
54744
54390
72511
28342
22958
31965
16064
5891
3688
60835
10611
50735
30675
20778
63945
69615
8436
26308
65655
8416
43821
51063
70039
5543
63782
25603
54362
65254
22144
42127
46000
5879
42167
47601
54699
62562
18691
25206
49623
7367
68472
46151
22773
25712
31234
57061
14444
51172
12076
5879
3688
34239
44139
39370
3952
8319
22887
37437
5584
56455
52376
34752
72081
24847
8436
53729
34419
43501
22496
49970
63932
16824
65655
37437
29022
55670
64499
23730
16467
28342
29981
27831
64622
20634
63782
61753
50883
6802
46463
51172
69919
49157
12797
35753
11953
47322
36630
17943
61134
70096
4870
10611
62562
9463
20207
30408
22795
46151
24788
5891
48394
49970
40722
10472
59596
64772
19437
35753
14166
28287
43108
64772
54362
55670
11726
20634
44325
56291
25703
61802
15365
16824
63450
12076
48531
36979
64622
41057
33907
33132
42913
41928
69840
23730
5286
8319
66422
19691
46524
61798
21990
33190
6515
65254
15365
6432
63782
45983
42167
49956
38359
56724
10601
60979
46275
45844
61739
11567
63923
59092
47294
52555
27243
54258
10601
70336
32717
55934
43676
22783
48619
48618
66947
22531
17451
21509
48619
49958
57823
8844
43165
56455
12066
64980
27436
24847
21198
18506
31447
48840
47688
26352
43446
8808
31447
11828
29981
14899
27243
43429
37609
19643
50501
16703
43165
12076
46862
19574
45214
7367
22994
11690
63450
7410
25703
57649
64005
5543
67364
19691
46275
52555
43165
50115
26972
59092
16617
42215
5584
53728
44325
31065
22846
25907
68898
10065
64484
49924
26910
11953
11726
10472
5286
19643
5339
22531
66947
18484
12066
33814
3730
27973
30673
53774
47034
49924
66947
50735
6223
41117
58669
39096
35744
13315
11726
3078
65011
48833
41711
55970
43985
30955
24639
9681
65873
20651
72210
11690
17795
31065
41163
22531
34830
10065
12066
57649
22958
64296
67046
19293
9979
22156
20821
56127
68898
15820
41624
8926
45214
17239
43676
28097
62366
70672
60868
2951
27243
59632
67364
52991
40936
7367
32304
58097
54813
54960
8466
49467
17486
9723
65415
57823
50883
49956
27879
72016
14568
25206
21951
32911
20266
19293
26244
9681
50883
55970
17239
31965
11488
10611
27327
61514
20266
44737
69131
18484
61178
44053
70590
41117
9979
39096
30564
35987
54390
50115
41624
59092
29887
49956
53728
43429
19574
52991
25579
56851
4668
48261
58669
53512
51522
65254
20821
27276
62366
70672
41163
52303
30673
34875
42239
12799
70765
47615
14180
58097
38061
63346
43501
43821
59195
3078
19201
49924
65873
4691
69840
37802
25288
44185
41567
54960
43676
59632
5715
46481
31937
20443
43108
3078
42643
50501
26910
43821
24641
15820
63923
70759
33544
38023
6200
37222
34846
57649
45946
20443
5302
31029
63923
4326
60868
26373
28326
30396
29664
58097
62276
31029
30673
43429
38061
53071
31937
12799
67046
47291
26244
50501
21951
48840
21219
27276
51746
44185
45982
50171
20266
16724
11567
46481
12686
53512
50171
28488
12215
43430
69503
8844
6223
30396
66215
46481
41163
52303
26120
3952
26244
66480
49467
64688
21219
8416
56419
56127
66465
62007
32644
31124
14932
71187
16918
56851
11845
36068
37928
29569
22846
7040
15129
21254
34846
39096
66465
38023
58165
62229
5286
30602
70361
7040
10065
55650
25907
58188
9028
56912
14821
63082
58669
48833
35987
13313
25285
63082
3730
39048
22994
49467
4668
15820
41624
39554
17049
13315
38487
55650
55681
53490
20703
32911
59700
27276
42239
39554
50756
56912
60726
71242
39059
37609
8926
14899
69840
42564
66215
55681
24265
48423
53371
38311
35130
70759
46381
32911
69919
30396
27831
9681
43225
51966
7481
51052
29664
4613
40925
39290
59700
65822
19574
64688
40236
58405
30408
34851
27973
53490
50654
31029
12923
46862
42239
61802
14111
27973
56291
62229
57061
63346
58165
4691
69832
43985
60457
4326
34875
24215
54079
8808
20778
30848
45357
22880
28752
66005
27288
48394
17049
51966
56752
44706
65233
52991
5107
39290
45596
17795
40980
54813
48682
17375
34846
28525
65188
8205
49481
39403
30633
4250
61973
56127
23730
25288
11845
34830
29022
43430
49481
14122
64868
38854
24265
56752
59818
16253
25571
37225
39059
9848
8510
38247
25319
8263
46102
61802
5107
56912
52653
44706
41575
20308
66465
28899
53053
66005
69026
39048
22958
36979
65149
51186
37802
12496
22994
22968
18544
44706
60457
57479
52893
4059
62684
10601
60835
15794
43225
26896
65149
38979
55970
25960
34187
42913
38979
3683
47657
55934
66343
48623
42981
64097
14111
53490
68279
17777
55409
38061
66215
26373
45357
31660
30564
34830
35095
38484
52597
62276
53371
36683
46037
32304
51186
54258
42981
34851
6525
64772
41935
17375
44972
44185
56067
43430
7008
17596
55006
57436
8263
64894
45357
29382
43819
36732
69026
43251
48682
4691
44972
66217
35130
5428
34752
45946
22874
13139
60835
44139
55164
15004
18506
21109
64980
39048
48803
13313
24650
10245
6525
12496
52893
48623
44972
41779
59040
52217
22496
60554
43853
50654
6525
46137
43225
15004
62684
34851
41575
30374
49980
56067
44413
52597
15026
12496
5302
65446
25703
41779
31350
41779
8934
10047
20224
54684
38484
20224
30431
54258
59700
43446
